Model	Theta	Windowsize	ConformismRate	SampleConfig	SlatkinExactP	ThetaEst	TfEst	IQV	ShannonWeaver
WrightFisherDrift	0.1	1000	0.0	58 36 4 2 	0.42366	0.67954	1.1367521367521367	0.7093333333333334	0.8907317039709741
WrightFisherDrift	0.1	1000	0.0	65 35 	0.12448	0.204695	0.8348623853211008	0.9099999999999999	0.6474466390346325
WrightFisherDrift	0.1	1000	0.0	99 1 	1.0	0.204695	0.020199959192001682	0.03960000000000008	0.056001534354847345
WrightFisherDrift	0.1	1000	0.0	100 	1.0	9.53674	0.0	0.0	-0.0
WrightFisherDrift	0.1	1000	0.0	100 	1.0	9.53674	0.0	0.0	-0.0
WrightFisherDrift	0.1	1000	0.0	99 1 	1.0	0.204695	0.020199959192001682	0.03960000000000008	0.056001534354847345
WrightFisherDrift	0.1	1000	0.0	98 2 	0.80639	0.204695	0.04079933388842649	0.07840000000000025	0.098039113279732
WrightFisherDrift	0.1	1000	0.0	99 1 	1.0	0.204695	0.020199959192001682	0.03960000000000008	0.056001534354847345
WrightFisherDrift	0.1	1000	0.0	99 1 	1.0	0.204695	0.020199959192001682	0.03960000000000008	0.056001534354847345
WrightFisherDrift	1.0	1	0.0	45 28 18 6 2 1 	0.35685	1.23509	2.15059861373661	0.81912	1.3175193745561986
WrightFisherDrift	1.0	1	0.0	37 37 16 7 2 1 	0.33325	1.23509	2.280839895013123	0.83424	1.3394000810279294
WrightFisherDrift	1.0	1	0.0	46 34 12 4 3 1 	0.39309	1.23509	1.9052876234747234	0.7869599999999999	1.2584336241542138
WrightFisherDrift	1.0	1	0.0	37 28 26 4 4 1 	0.27243	1.23509	2.494060097833683	0.85656	1.3781046466854947
WrightFisherDrift	1.0	1	0.0	41 38 16 5 	0.07151	0.67954	1.935995302407516	0.8792	1.1762368067632285
WrightFisherDrift	1.0	1	0.0	39 28 22 5 5 1 	0.21517	1.23509	2.52112676056338	0.8592	1.4023907501662327
WrightFisherDrift	1.0	1	0.0	40 35 21 2 1 1 	0.64845	1.23509	2.056234718826406	0.8073600000000001	1.2320339272881045
WrightFisherDrift	1.0	1	0.0	35 30 25 5 3 2 	0.17509	1.23509	2.586800573888092	0.8654400000000001	1.4084269858581526
WrightFisherDrift	1.0	1	0.0	45 31 16 5 3 	0.11533	0.9476	2.052503052503052	0.8404999999999998	1.2705915723609387
WrightFisherDrift	1.0	1	0.0	40 29 22 4 3 2 	0.21212	1.23509	2.385240352064996	0.8455199999999998	1.370800187191572
WrightFisherDrift	1.0	1	0.0	25 25 25 25	0.21212	1.23509	3.0	1.0	1.3862943611198906
